453.99
259.97
459.52
252.72
459.52
247.19
460.80
342.99
295.32
345.47
272.32
246.76
316.51
433.54
321.62
459.95
442.06
388.81
450.15
433.96
380.83
237.81
296.60
311.82
440.78
220.69
348.10
328.86
286.38
444.19
359.11
369.33
368.05
288.08
318.21
321.62
375.29
242.93
429.28
368.90
239.94
292.77
320.34
391.79
239.09
239.09
452.28
280.41
390.09
342.49
438.22
406.27
264.23
442.48
406.70
383.81
451.43
362.09
237.39
439.93
241.22
250.39
339.51
274.45
444.19
400.74
349.73
435.24
451.86
453.56
343.77
376.88
246.33
459.95
322.90
419.48
256.98
380.83
373.16
308.41
323.75
323.32
324.60
259.54
379.01
447.60
288.51
333.97
273.60
347.18
290.21
351.44
417.35
275.73
361.24
385.83
386.37
344.70
396.90
365.92
749.02
1484.92
891.23
1706.60
1278.24
673.62
1426.13
1553.37
810.57
1441.08
812.49
1429.97
1484.43
1624.67
1523.26
1404.41
818.14
801.25
1277.39
830.15
1693.39
1634.61
967.83
1173.83
861.48
1627.79
689.75
541.66
675.36
832.20
1459.36
1018.97
1032.70
794.19
1432.71
701.68
1171.21
1418.71
1436.36
893.87
791.67
1098.14
1196.77
845.83
1025.99
1431.14
1600.95
1582.21
863.29
1460.64
876.07
1522.41
1093.43
1577.74
1366.92
1044.76
1223.81
1248.14
726.39
803.07
1332.95
605.83
1154.87
970.61
1473.85
1370.19
661.21
560.32
1704.90
548.32
672.71
875.64
874.26
1248.13
1382.36
1375.23
1614.58
764.20
634.80
895.97
1603.08
1328.81
1079.91
1707.88
1045.27
1093.03
892.68
867.98
998.19
1579.98
1471.72
1321.66
967.04
584.53
552.58
1187.07
978.67
660.36
676.12
911.82
1986.16
1878.81
1551.07
1051.12
1810.23
2035.69
1127.93
977.57
1183.33
1680.91
1774.93
1481.14
1673.47
1098.63
1861.77
1868.12
1914.99
1317.44
1707.81
1584.81
1079.00
1354.89
2004.17
2057.38
1664.29
604.28
1380.96
1866.85
1125.95
2001.15
761.55
1731.14
1050.48
618.77
1001.39
1893.30
1083.72
1774.40
1764.43
1775.78
1158.71
1788.30
809.34
1750.97
2113.86
1784.48
1856.08
1944.07
1946.97
1791.11
1214.46
1129.64
1794.35
1223.44
1928.30
1108.54
1765.92
927.26
1556.60
1246.48
1209.02
789.45
1888.72
1222.17
1707.52
2021.21
1732.26
1237.81
1457.31
1938.92
1775.68
2055.25
1707.08
1132.60
986.48
1090.78
1878.50
1401.55
1678.55
935.05
1954.21
1133.97
1481.18
1981.52
1707.10
1768.94
1937.17
691.74
1803.02
1137.32
1802.86
1866.85
1960.60
1987.52
1020.25
1805.50
1080.98
1075.97
1756.98
2042.86
1340.34
949.50
1425.33
832.58
1363.87
828.79
977.81
1502.32
1419.09
1580.76
1088.99
1282.39
1131.50
1220.55
1212.14
927.23
1032.38
672.23
1100.38
1031.78
1448.66
872.24
767.40
1462.26
1534.46
1129.24
1299.75
1644.98
1126.20
1002.67
588.29
695.22
671.36
1720.87
1350.49
803.57
773.17
607.80
947.07
1102.86
681.47
898.23
1311.17
1343.13
952.79
1060.96
1393.17
670.94
998.50
1154.25
1667.29
1046.76
657.73
1147.74
641.13
664.86
1386.41
1468.93
565.72
677.17
735.48
1101.72
1791.66
1419.15
628.34
1675.50
1491.02
924.50
689.99
1155.39
975.63
1072.81
1477.94
1346.41
1385.87
1072.39
1437.61
588.06
706.94
1283.90
710.75
1019.59
1414.68
559.99
1252.69
836.84
1710.99
578.19
951.62
1383.07
669.09
964.63
784.02
1400.59
1764.44
1083.92
1395.96
874.11
1060.69
1679.49
868.51
392.05
795.01
835.77
545.32
368.28
682.35
767.74
617.44
785.78
563.77
565.65
730.01
909.67
691.26
547.29
1014.68
484.57
922.21
447.08
798.00
376.56
701.90
832.60
599.94
627.67
865.73
496.95
439.30
936.15
445.69
648.15
661.42
722.50
467.67
950.53
790.08
617.14
740.66
545.80
915.21
840.35
421.33
277.35
548.54
931.17
516.64
492.04
863.00
590.60
409.92
379.25
417.29
817.77
1170.05
684.29
910.25
874.02
579.71
843.53
929.29
862.53
878.92
822.28
1314.20
637.93
987.30
1123.83
1197.82
399.43
783.71
985.69
1156.02
1055.43
802.08
948.04
1085.58
1212.37
1022.36
544.31
444.06
753.75
369.45
421.61
883.01
672.73
1295.73
928.94
718.53
1282.87
630.77
577.64
587.23
799.05
515.31
398.23
1072.52
910.92
913.06
905.55
991.10
910.85
622.80
342.61
1023.37
261.16
926.85
566.22
913.69
590.42
873.69
707.03
622.88
560.22
343.46
855.75
807.99
1260.61
884.57
592.52
1084.93
889.36
1229.73
556.56
740.47
571.43
589.15
861.57
1025.49
483.98
649.00
957.03
879.68
650.92
397.56
868.96
1230.78
405.70
1123.62
568.70
918.44
1024.85
863.80
363.91
593.18
541.66
1179.63
1170.12
529.39
910.66
1462.23
1163.17
1324.24
1507.58
1235.72
557.69
762.83
874.72
1214.22
1425.16
899.02
1386.52
1059.09
735.30
1426.02
781.18
808.52
647.81
1075.72
1443.97
657.21
666.21
966.64
1606.58
1319.07
790.13
1623.60
765.38
1360.28
678.13
742.38
1148.42
660.46
622.75
848.46
1447.32
1426.24
1103.53
1099.64
1338.67
1732.08
1031.79
1222.76
1734.08
817.39
516.97
1397.17
1325.69
939.74
1340.93
1546.09
835.84
1741.23
1367.35
618.24
1424.74
934.81
657.69
876.36
1446.46
974.20
1251.66
1192.96
1674.92
1413.66
944.64
1079.49
1369.05
1481.09
687.51
1626.26
545.34
1346.90
548.32
875.67
1374.20
1414.81
811.22
1582.77
1029.16
936.66
591.43
789.24
1483.53
1014.15
741.82
1526.01
1372.03
824.60
1561.37
578.99
1200.17
798.90
1141.10
1135.97
1169.95
669.61
1360.18
1387.79
864.62
1793.97
1880.87
1945.69
1763.17
1841.79
1996.81
1926.52
1963.51
1850.30
1905.57
1975.05
1956.69
1833.19
1949.03
1928.23
1945.69
1872.00
1925.67
1877.92
1932.88
1874.94
1833.62
1816.61
1878.74
1885.23
1926.10
1856.16
1946.14
1728.90
1943.49
1903.52
1891.59
1947.75
1950.30
1935.73
1891.59
1762.98
1968.27
2007.89
1738.27
1841.29
1973.38
1934.97
1834.04
1835.75
1978.50
1822.93
1889.89
2015.13
2000.18
1791.10
1928.62
1905.17
1863.83
1994.68
1900.93
1888.11
1835.77
1918.43
1858.36
1917.15
1835.71
1836.68
1894.11
1887.68
1945.23
1957.97
1821.77
2013.43
1770.65
2021.95
1866.81
1850.62
1940.51
1920.99
1973.41
1815.26
1925.17
1941.01
1900.54
1926.95
1760.16
1860.92
1993.83
932.38
1796.40
1960.57
1811.85
1897.98
1938.47
827.15
1918.78
1987.87
1842.56
1933.34
1869.87
1987.40
1816.96
827.57
1899.65
1264.73
1084.10
970.79
2121.82
1379.82
830.03
1215.78
1309.26
594.01
1206.92
2084.68
1504.33
1864.24
2145.03
1524.89
2045.99
1978.15
1808.87
1869.55
1394.46
1257.25
2085.57
2039.92
2068.54
1607.16
1535.45
1514.20
871.44
1899.41
1445.35
1343.42
1482.25
1729.20
1041.93
1597.86
2021.17
747.96
2064.70
1739.86
467.93
1970.83
1820.56
1241.82
620.86
1276.23
2010.10
2021.25
822.48
1350.47
1419.79
389.85
1456.51
1220.29
2061.17
1326.61
1086.22
1453.35
1934.19
1258.41
2077.48
1286.44
1036.93
729.77
257.41
1389.27
1196.76
1340.11
2053.97
1267.71
873.20
1456.85
1303.49
1436.49
523.73
1497.04
1534.46
1456.00
1643.70
758.84
1743.87
1131.51
982.29
1348.72
1819.52
676.93
1615.94
1534.95
1813.90
997.44
2101.73
2035.62
997.44
1357.29
1434.70
1541.08
1613.15
1941.43
1178.56
1037.32
1178.69
1565.23
1825.60
1736.06
2057.46
1950.73
1886.44
1877.03
1780.02
1274.95
2026.29
1321.04
1254.92
1055.25
1454.49
1525.86
1325.74
1496.24
1345.55
1489.79
1960.09
1046.56
1577.24
1761.70
1214.71
1172.47
1976.39
1072.29
1774.25
1484.61
2091.54
557.74
1422.73
1295.24
1028.72
708.92
1327.42
1173.94
1139.44
1855.77
1179.41
858.29
1287.49
838.97
2084.72
1052.85
2026.67
1978.61
1133.79
922.25
1818.74
1611.75
1668.56
1818.97
2000.30
1542.62
673.57
1550.41
808.29
1268.47
1849.46
1889.19
825.60
725.98
1233.82
2050.77
1233.06
820.79
1632.90
1545.98
1909.77
1743.56
2015.75
1022.64
1814.93
1263.95
1279.83
2013.89
2126.93
1646.14
1815.76
1100.86
1985.81
1926.60
2026.07
1264.17
1373.12
568.15
1063.66
766.81
1435.01
2008.04
1760.91
1459.03
1481.37
1054.17
1616.64
1808.95
1838.30
1233.39
1994.30
1564.09
1259.80
2148.66
1625.27
1038.66
2001.54
1308.91
1581.01
1534.22
2010.60
1485.97
1601.34
1826.57
1463.55
2033.06
2077.02
2218.31
2058.66
1601.88
1172.32
1110.85
2122.67
1926.87
1968.70
1284.39
1634.76
1023.84
621.56
1444.64
1567.40
1102.30
1181.57
1263.60
1880.48
1940.31
1588.94
1713.96
2044.72
2058.74
2049.33
1479.93
1607.80
1831.60
1562.00
2043.83
1646.34
1287.07
1903.52
1863.94
1926.45
646.07
798.38
2002.47
1931.60
1899.80
2148.23
1524.00
2054.83
1917.22
2084.65
1187.31
2085.96
801.08
1907.32
1659.70
689.98
1302.51
1454.49
944.96
1866.53
1575.23
866.11
1478.41
1914.21
831.49
1205.56
2015.64
2007.04
2211.49
1435.51
1015.08
1183.47
960.47
1424.36
1338.42
943.92
784.55
1028.19
1138.73
1719.53
1511.95
1034.82
886.22
1192.70
1173.94
1702.93
717.63
1253.73
1238.81
1751.79
813.17
1258.03
956.25
2067.72
1462.39
1509.09
1681.37
1741.14
728.72
2092.00
2162.89
1021.34
1082.09
1652.10
1238.40
1226.68
2079.44
1828.98
2176.48
1593.71
371.14
1804.52
849.27
1525.19
1218.06
1545.53
1140.69
1523.81
1973.90
1036.34
1159.46
1181.39
1740.44
1869.07
1409.79
752.93
1322.20
1992.32
2140.70
947.08
1951.27
1438.49
1188.01
1628.24
1157.52
1413.40
551.66
1042.82
1880.20
1742.29
1052.04
1029.10
2091.15
1102.68
1373.51
2080.85
1765.07
1620.02
956.78
2083.45
1612.81
1885.16
1847.21
1396.29
1443.29
1979.69
1847.40
808.24
2029.73
1597.64
1495.69
1499.06
2014.82
845.21
1684.48
1520.17
1930.71
1922.65
1735.10
1604.51
1458.20
2008.74
2032.22
1138.84
1021.85
1151.72
1264.02
1421.57
2036.94
1966.44
1574.62
1275.12
1184.76
1151.39
1622.03
1295.32
1788.31
2136.09
2048.05
1180.57
1747.10
1682.58
335.37
2094.56
1306.90
1750.94
1964.87
1797.80
2080.98
888.43
693.11
1289.12
778.34
2150.15
757.28
1944.07
515.21
1504.14
1675.50
1692.07
2030.33
1463.81
1239.38
1876.64
1024.51
1740.36
1689.18
1571.75
2157.18
1829.86
775.65
1754.38
677.31
1937.18
1133.42
2006.38
879.35
1480.90
1289.97
947.86
2107.93
891.67
1920.57
1786.11
1366.26
2016.56
2046.81
1167.21
1128.91
1128.41
1826.82
1335.87
1502.51
1438.58
875.57
1054.71
1363.07
1000.92
1959.79
1402.57
1975.55
585.57
1828.84
1147.55
1928.65
2100.27
458.06
869.09
1862.24
590.00
1161.23
1582.40
1532.87
2002.47
1295.71
1919.78
1227.97
1705.90
878.70
1612.53
1432.41
1248.32
1569.62
1524.85
1709.98
484.38
1057.38
724.69
1461.11
1534.10
1054.71
1285.63
928.01
1200.97
1299.11
1200.74
1939.34
2030.58
1950.73
1491.36
1984.96
1878.77
1100.61
1185.92
886.28
1225.16
1560.13
1292.70
1801.32
1741.50
1565.67
794.86
1688.60
1157.42
1580.77
1849.87
1925.01
1163.66
1740.00
881.45
1716.64
1158.11
1031.29
1715.55
1297.29
1270.57
1883.54
924.75
1349.06
1222.59
816.51
1251.13
1286.88
897.06
1698.92
1386.63
2050.99
1082.82
532.25
1026.32
1397.28
2013.50
1736.57
1835.82
1360.77
938.29
1657.64
1611.33
1284.09
1744.16
1899.41
1304.77
1271.37
1292.61
2119.40
1960.76
2032.29
1753.41
1148.31
1078.59
1018.66
1618.43
1495.88
953.01
2106.45
1463.62
813.62
1661.05
1835.01
1400.88
1081.16
1034.19
1407.70
1190.22
867.24
1319.94
1045.62
1538.84
1235.33
1132.55
1645.17
1079.71
1333.60
1212.27
1192.98
1482.56
1821.26
798.54
1744.94
1101.88
572.53
1397.71
1016.09
1350.66
1085.89
1364.04
1215.89
1469.56
1340.11
1761.78
1056.07
1591.61
1136.88
1615.35
2119.69
2018.15
1736.03
1105.95
581.05
2127.53
1471.81
1156.69
1395.39
1972.11
1884.74
1558.43
1468.92
1385.24
1126.89
2024.54
2102.65
2051.81
1270.08
1488.21
1585.53
1887.90
1444.64
806.97
1877.88
1360.10
2046.45
1344.39
898.95
2118.20
1779.05
1317.55
2136.73
1778.70
1226.19
809.30
1384.74
2097.46
1509.98
1666.20
2036.90
1740.68
1574.62
2046.00
1558.86
1527.76
1652.52
1596.46
1668.71
1951.41
934.12
722.25
1716.56
1403.44
1247.04
479.85
1405.73
866.40
1009.01
2040.46
1026.11
1575.90
1680.88
1871.11
1479.04
1887.87
1383.88
1048.79
1718.47
1847.61
1446.46
2085.74
699.52
1321.89
928.63
1686.56
1574.19
1305.16
1757.79
2157.31
1482.79
1111.25
1905.00
1437.75
1606.95
2057.42
1173.29
2123.92
1526.48
1959.83
963.55
1928.62
1609.88
2142.23
1436.76
1072.57
1911.34
2087.82
1429.00
998.99
1466.13
1995.11
1447.98
1744.62
1376.53
428.54
1689.17
1218.21
1264.37
1249.66
2109.86
1181.54
1376.76
2090.00
1144.12
679.88
1483.01
1501.84
1425.33
1180.52
1132.83
1112.53
1820.84
1506.92
1641.50
1523.31
2038.64
1524.00
1206.36
976.88
1613.38
2017.80
1800.87
1427.03
1478.03
648.89
1187.95
975.20
857.03
1268.13
1585.54
1373.41
1899.65
1244.03
1907.63
951.12
1875.29
2049.83
1153.11
1962.92
1219.49
1868.38
642.47
606.07
1552.89
1075.64
1913.86
1315.12
2049.75
1633.05
1412.50
1769.29
1146.68
972.18
1964.55
1751.85
714.69
1150.13
759.07
1149.32
920.06
1378.35
1496.34
1444.76
1748.81
725.44
953.78
663.13
1327.94
1058.90
1186.34
984.50
2140.95
1357.35
367.74
1523.19
1187.38
735.14
1129.69
1132.32
1009.02
1880.98
763.30
1692.45
930.42
449.42
1606.68
1154.87
1480.79
1693.59
1058.97
1739.36
443.76
595.30
1810.34
1802.98
814.30
911.14
1161.85
1138.69
1593.70
1321.69
1871.61
469.56
1206.67
853.10
1660.20
1739.38
2052.74
1855.73
1643.63
1891.24
1335.63
1917.73
1200.40
1351.28
875.52
1545.39
1303.14
955.39
1578.83
1632.08
1586.04
1839.18
1435.47
2167.11
1362.78
1088.06
1391.01
1231.80
902.32
1680.03
1588.94
1609.41
1388.41
2109.89
1923.97
1882.72
458.25
1160.36
1219.31
2092.00
1594.59
1023.62
1494.65
1021.08
1929.16
2039.96
2009.31
1648.62
1451.34
1062.92
2133.32
1754.34
455.37
1328.36
973.03
1245.86
1714.09
1407.70
1526.83
1779.13
1532.82
1955.14
1525.01
1132.55
536.97
1788.15
854.47
1505.97
1578.03
1172.38
595.11
807.57
1444.12
1245.72
1782.75
1011.26
1782.46
2069.12
776.15
1222.87
1387.72
1510.63
1325.68
1320.84
1712.71
1480.47
1917.69
2101.34
2100.49
1533.57
1281.41
1182.07
1139.24
1397.90
1656.06
1678.33
704.71
1789.39
1923.15
1769.54
1722.82
1202.84
1350.78
1103.86
1295.31
2026.75
741.14
388.81
1016.55
601.15
1238.40
1010.37
1014.68
747.62
917.19
1522.99
1516.64
735.60
1186.59
1648.73
894.50
2172.30
2045.57
1418.01
1716.86
474.32
1359.80
1399.25
959.54
1331.76
1340.93
1097.19
1901.97
562.34
1429.97
731.71
2091.15
1125.31
1992.63
1061.26
1323.59
1324.69
1725.87
661.33
1515.03
504.33
1456.43
1824.27
2010.56
682.71
1862.16
769.73
1183.82
1178.56
1167.14
2005.02
1311.16
1438.18
1946.94
1037.21
756.51
1156.20
2076.15
2014.86
1105.02
1965.64
1997.43
2131.29
1059.14
1469.47
1650.45
929.04
1598.12
1310.70
1652.74
1307.91
1441.45
2061.46
1466.85
1373.59
1810.69
2118.20
1383.12
1383.65
1141.92
1472.14
1951.73
1060.67
1987.95
1254.73
912.08
1744.87
1628.02
2132.86
1065.46
1075.28
1215.95
1076.10
1860.84
1377.54
2037.05
560.79
1293.11
1539.54
1311.74
1419.18
1732.31
1910.99
1460.64
1114.66
1243.85
2125.07
1838.66
572.91
1923.47
844.62
1012.09
2140.31
988.76
1459.98
678.72
1889.81
1558.00
1940.31
1974.85
1406.67
1658.07
1512.00
1984.22
1659.27
1389.38
852.70
916.26
1601.80
874.13
2015.64
1492.41
1302.05
2109.04
2094.23
1966.14
1231.45
1081.01
2060.02
1681.19
2148.24
645.76
1000.69
1046.44
1569.62
1818.36
1840.05
1181.33
1956.11
2092.52
1404.53
1545.72
1672.24
1570.78
1827.84
982.80
1388.23
1013.29
1826.41
701.39
1721.08
633.02
1352.08
942.37
1147.88
1184.40
1314.32
517.03
1387.72
1435.80
1555.52
1079.84
817.43
1021.48
1300.72
628.79
780.03
2114.25
1827.11
1215.04
2086.47
1561.18
2052.50
1558.50
1568.42
1609.62
1333.62
2052.31
2092.91
1251.92
720.28
1054.79
1099.78
1445.42
641.92
1560.13
1910.98
1831.98
1254.69
1420.29
948.68
2143.29
2092.39
1395.77
1163.71
1924.90
1176.43
1366.31
1440.93
1983.61
874.83
1208.52
1888.11
1670.77
1950.73
1475.60
1598.85
1795.67
1630.07
1950.11
1784.06
1625.02
1718.95
1300.70
1863.13
1421.49
1518.88
1325.99
1405.61
1596.89
1452.36
803.70
680.31
1615.70
1273.59
1132.55
1149.71
1070.09
1192.41
1315.59
555.07
736.42
1235.60
2083.85
1511.24
1400.46
2111.99
1991.31
1879.63
1206.20
1619.05
938.72
1257.56
1138.77
1814.53
702.08
1620.79
1109.97
1932.98
958.35
1321.38
2058.87
1128.66
1459.17
2148.83
535.90
1476.62
1226.39
1424.44
1395.14
1498.98
858.26
1278.97
1550.41
309.69
818.14
1811.45
1228.40
1000.75
1121.67
1792.68
683.12
704.55
1677.30
1992.67
1625.50
1874.09
2067.18
1245.98
1520.96
1176.28
1823.36
1795.28
1526.36
1547.54
1917.44
715.12
1942.57
1389.99
1517.03
1497.94
916.08
1196.77
1596.95
1471.48
841.95
1342.45
1980.70
1620.88
929.93
1504.09
1501.34
1721.49
1940.16
1881.87
643.94
256.78
886.27
1723.67
2183.76
942.51
1793.57
1541.90
1937.29
1843.92
2046.77
682.12
1794.87
1851.08
1463.08
1846.40
2148.24
1414.09
1927.92
1364.79
1288.02
1526.27
942.29
1725.80
1559.71
1717.40
1283.99
1474.87
337.92
1877.22
1347.13
1345.24
630.42
904.19
2216.60
1726.69
2182.91
986.63
2092.86
1464.42
922.55
1926.17
1262.39
1027.87
809.14
1254.73
1935.47
1980.59
1494.46
705.75
1104.28
1080.69
1078.30
1308.80
1185.96
1334.31
1312.28
1162.78
1343.00
1753.69
1006.67
1327.73
1918.97
1670.78
460.04
2066.75
1416.94
2020.28
1938.03
931.38
1079.73
597.87
2019.90
1811.54
925.71
1158.39
2138.64
598.40
1105.16
886.72
1600.00
1526.91
2036.04
1015.99
1076.59
1302.83
1587.82
2106.02
769.98
1868.70
1397.40
1462.96
785.48
1679.28
1580.16
1969.05
2194.84
779.57
1600.98
1127.52
2050.68
1417.58
1570.00
1614.85
798.26
1080.27
1001.93
944.73
1492.05
1525.54
1726.80
1348.29
1514.20
1454.13
1350.59
1351.63
1488.33
1911.39
1013.12
2070.24
2051.63
1803.87
1372.81
1030.55
1456.31
1973.11
2027.53
931.60
1496.85
1588.79
1892.22
1831.74
1576.96
2124.12
1394.23
1575.47
1533.79
1908.24
1128.33
1733.54
863.68
1836.29
2037.16
519.47
2038.85
1930.97
2016.87
1413.66
1497.77
746.10
1201.46
1949.10
1060.37
1681.62
1225.95
860.65
1431.55
1909.02
1324.75
2159.94
1207.61
459.33
1043.26
1694.82
1881.95
1674.92
1775.44
2058.20
1221.46
1655.11
1808.52
2010.55
1504.64
1158.90
1418.58
1638.47
1022.69
1519.41
1517.56
1101.11
953.27
716.52
1808.87
1203.15
1626.16
932.11
1182.41
1391.98
1967.44
1040.69
1282.50
1848.64
810.17
2006.76
1042.49
737.58
1991.81
1047.40
1715.15
1991.43
1081.94
2113.69
1849.10
1898.91
882.77
468.31
910.19
1636.34
2014.41
655.54
1859.29
1891.28
1291.55
2138.96
972.06
768.17
1680.19
854.07
250.17
1265.34
1794.39
1649.35
1380.35
1979.07
1627.63
1860.65
1684.41
1415.53
1237.53
1625.08
1028.08
1378.42
1621.48
2215.32
1168.80
1794.46
1224.43
1523.68
1768.98
1476.90
1445.22
1265.58
2038.64
1108.61
1907.19
2129.03
736.85
2082.21
243.35
2050.99
1280.99
2009.71
1994.80
1116.38
2208.51
2071.01
1555.52
1510.79
632.60
1461.30
1671.83
1554.24
1487.24
1935.08
1101.36
1836.94
1741.84
1235.76
332.69
2079.65
520.52
408.21
1192.00
991.60
1892.48
1759.15
1482.29
1966.64
1928.25
1776.96
1217.05
1237.61
950.31
2112.66
1158.53
1673.90
1397.98
1490.96
1784.24
1734.25
1496.38
782.93
489.38
1441.90
2219.16
1043.15
693.52
1264.35
1079.50
1213.91
1116.04
1760.81
1603.64
1778.69
893.50
2083.45
730.96
2002.43
1930.12
1646.19
1206.19
1680.00
914.95
1855.01
1239.60
969.90
1954.29
960.15
920.52
563.89
1049.12
531.83
1929.00
2146.96
1621.74
1420.39
1144.10
627.26
1624.46
2123.73
1107.93
498.26
1580.23
1608.23
581.55
1385.05
761.51
936.29
1274.72
1873.89
826.34
595.97
1172.17
2085.96
1413.90
2085.19
1938.64
1183.12
1617.14
1948.01
1243.00
899.69
1040.41
1744.97
1345.71
1265.81
1000.83
1564.52
1898.66
1693.85
1125.17
1913.04
1912.89
1329.72
1825.60
1412.41
966.65
2104.54
1400.38
1298.55
1531.28
1855.77
1382.37
574.73
1409.95
893.50
978.46
291.06
1663.57
2126.05
1691.18
1153.08
1451.71
2055.49
1881.72
1731.04
1289.69
1357.05
712.36
1862.97
1851.59
1183.38
1739.98
1132.55
2003.32
1785.47
1929.97
779.67
936.36
1188.25
1959.05
1456.50
1211.83
558.65
1374.15
1130.43
2023.34
1225.36
1913.28
1235.60
993.80
1787.09
1484.61
2078.08
974.70
1186.34
1170.38
1046.82
1466.79
2100.62
1507.31
1854.92
1900.11
1190.18
926.44
993.87
1851.94
1818.71
1750.08
1334.16
1146.46
1252.80
756.51
1822.98
1115.08
1968.74
1002.40
1581.51
633.27
1515.49
1224.79
1013.49
430.13
2001.62
2089.29
631.06
1157.27
2055.29
1908.13
1190.74
1971.79
1854.49
1211.81
1736.45
1473.61
2071.44
1156.56
687.32
2012.30
1608.23
1929.47
1847.00
2166.13
1184.10
1639.61
1277.46
1322.12
1178.64
1206.02
1369.31
1599.82
1376.22
2086.04
1209.30
1475.98
1747.18
1713.80
912.97
2033.95
1044.92
1324.67
1299.00
1599.82
2029.62
611.72
1205.95
1297.60
2156.75
1851.08
1090.85
1938.45
2005.84
2130.05
1667.79
920.14
923.08
2051.42
431.22
2067.26
1961.18
2082.98
1760.50
1511.45
1554.17
1447.79
1905.76
339.65
1751.29
1125.78
1162.49
1933.49
1257.98
1206.62
1667.49
1731.69
1695.23
1373.00
1889.89
1354.74
1801.32
917.00
1315.08
1209.90
1109.37
699.24
784.03
910.93
1715.62
668.51
1454.79
913.34
1610.83
1916.26
1900.61
1209.85
1949.64
1463.55
1285.06
1999.41
2132.90
1064.93
538.24
1119.43
1622.72
1286.33
1911.61
1936.67
688.58
562.98
1882.68
1142.87
1813.25
978.00
1979.07
1051.88
1990.96
1183.76
1063.39
1400.28
1360.61
2082.55
1234.32
1999.76
1396.43
1492.49
1648.48
1579.92
1969.74
1659.89
1195.48
1331.56
2076.63
1139.45
781.53
1604.51
1326.38
1901.72
998.80
1369.33
1161.43
1385.64
2065.01
1755.83
1367.94
1431.60
1475.98
574.31
1928.46
1819.17
2070.20
2013.97
705.87
707.27
1797.41
2007.15
1181.42
1942.83
826.38
1164.12
1283.66
760.47
2076.13
1373.78
1026.17
2086.43
943.83
1489.11
1019.74
865.73
1488.68
1214.03
1995.22
1186.59
1626.78
1742.34
1047.16
2062.18
2007.93
1471.96
1882.76
391.04
1737.92
1367.01
1809.84
593.41
662.38
2022.80
1889.96
1231.60
947.44
1460.52
1929.66
2002.89
1282.66
1763.03
1654.66
1260.01
1650.28
1650.71
1614.02
1082.91
1217.32
884.74
2054.13
1895.58
1496.66
1923.73
2109.47
2056.57
1686.68
1700.67
813.87
1024.53
1501.04
813.06
1472.76
1534.62
1984.85
1090.98
1719.02
1572.56
1274.97
1845.89
1492.47
1788.12
218.59
1030.23
728.45
1328.58
879.47
1935.39
842.40
2044.56
1572.13
1229.91
1092.92
463.36
958.23
1811.47
1641.93
1664.81
1015.11
928.30
1499.45
1227.55
1579.23
1073.12
917.04
1703.65
1423.77
1803.04
891.20
1250.31
617.64
806.50
1671.19
1456.11
2069.35
1495.34
1755.23
1208.19
1830.29
1087.93
1254.44
1925.71
1572.18
1715.19
643.25
1489.80
1692.27
398.72
1990.07
2060.91
1274.91
1422.23
1001.22
1669.26
1093.90
1594.01
1496.35
1777.00
751.45
2062.84
1585.56
1391.71
982.01
1091.64
2128.64
622.59
2118.65
1929.51
971.57
1470.75
1966.63
1617.27
895.65
1792.68
1107.53
1189.63
1289.08
1883.57
1148.60
1316.27
2046.42
1682.78
1220.22
1287.46
1643.84
1238.62
1060.93
1467.35
1171.17
863.80
1173.68
1366.61
505.92
1972.11
475.95
1502.20
1168.02
1788.77
1817.47
1890.39
1443.79
1477.80
478.76
902.24
1519.88
1913.86
1115.86
1602.15
1893.02
393.59
1532.55
1818.44
1128.20
1212.37
469.13
2156.33
1511.94
980.43
746.96
684.91
2024.58
1495.10
1326.57
1975.16
1976.75
1394.73
1268.33
1210.68
1017.11
1885.63
1616.29
1361.80
1587.24
1177.73
2033.21
1483.15
1807.70
1030.50
1008.71
1665.97
2181.67
1492.64
968.55
2007.46
1349.88
1592.60
2009.57
1622.40
1486.55
1152.22
1614.16
1275.80
2066.44
1194.44
1716.12
1817.23
1535.61
2084.68
1213.37
1348.60
1654.78
1931.21
1471.34
899.93
1235.44
1622.25
1454.37
1909.56
1525.51
1181.11
994.50
1172.71
1002.35
1999.13
1462.04
1145.75
1971.79
1487.95
2167.11
2129.49
1871.26
1254.20
1544.25
1610.47
1158.23
525.36
1927.42
2011.37
1773.63
1681.03
2164.42
1650.94
1859.76
1252.38
1006.65
1317.39
1683.01
2050.35
1932.17
1133.94
2081.48
1606.25
903.17
2036.08
1336.48
1982.91
2037.22
1268.13
909.80
1580.11
1904.80
1793.51
1914.20
1097.98
1990.19
1825.18
2089.45
1522.46
1955.69
2080.42
456.78
738.73
1419.79
969.62
1394.35
1233.79
1906.50
1138.56
1165.01
1280.08
1100.60
2101.54
2129.58
1300.51
1149.66
1871.39
895.64
1433.68
966.57
1988.02
1187.70
1414.56
1277.93
1559.28
1828.82
1267.01
1213.69
427.69
999.90
1504.64
858.68
1391.86
1535.07
1779.92
2056.96
1917.27
1874.94
1526.79
1642.12
1380.36
1932.53
1479.61
1732.55
1959.87
2115.39
1350.74
1861.73
1497.82
1935.43
1839.97
1127.45
1289.58
2050.22
1863.34
1372.44
934.47
1769.16
2048.12
1523.92
2023.27
766.99
1930.08
889.22
1814.06
695.53
1243.43
1962.35
846.86
1453.40
782.38
1988.68
1933.80
1779.13
1103.86
1154.34
1471.31
2118.80
1877.07
1183.27
2139.07
1334.91
930.40
1634.14
1231.26
1508.04
1156.22
1517.65
1933.03
2117.99
2011.41
1480.59
941.68
2158.46
1289.73
1689.59
1413.67
1726.23
1205.70
1013.78
1170.58
1632.05
1470.63
1706.24
1091.80
1900.97
1784.20
1674.10
2034.07
1695.74
506.88
1333.19
1139.48
1495.19
2076.13
964.58
1291.86
2060.37
1065.78
1257.91
2015.21
1980.20
1479.16
1749.44
591.04
903.40
1184.99
1504.09
1883.93
1607.37
1974.30
1535.62
1539.63
1718.17
801.25
1617.29
1827.73
1962.00
1943.18
1892.52
1471.10
1055.14
1026.98
1581.18
919.15
1561.65
1537.56
1753.10
868.56
1682.78
1942.48
1129.08
887.13
954.53
1061.36
1808.93
1250.24
1906.54
1911.61
1743.31
1026.04
1662.37
952.59
1433.27
1748.03
1137.73
2083.23
1169.45
1029.99
869.19
1427.16
1005.69
1759.66
1238.20
1170.04
1584.11
1354.57
851.44
1176.97
1469.40
941.32
611.30
773.93
495.00
1251.28
2096.65
723.76
1258.91
1515.43
1723.28
1595.92
1749.13
2064.09
885.09
1348.53
2059.94
1773.97
1684.84
1206.25
1472.89
1985.39
1219.76
1317.01
1150.69
1342.12
1678.91
1483.15
1184.57
1318.47
825.92
1108.44
1050.34
1631.58
1043.99
1371.96
933.97
1033.22
1336.18
1041.01
1056.85
494.53
1643.03
882.63
886.44
1984.11
869.34
2021.64
1416.22
1377.03
2055.33
1526.29
932.74
2063.39
1834.34
1800.47
769.91
1112.66
1087.82
1605.87
694.91
1419.59
1594.92
1474.89
1991.31
1110.02
1059.32
1730.49
1503.48
2162.29
1931.99
1471.48
1993.95
1759.03
758.77
1338.26
931.33
1878.00
1060.75
347.72
877.54
1192.92
1793.82
1926.45
929.42
1467.76
1333.90
860.53
1352.06
1576.51
1490.73
2092.91
2083.41
832.42
1882.15
748.18
1992.13
1060.79
1209.43
1083.92
2010.56
1444.22
1181.96
2068.88
1706.21
1217.87
1914.17
1585.31
1540.29
2072.83
1665.00
1063.77
1563.12
1474.43
1798.01
1134.49
1777.30
1268.52
1884.60
1750.08
1939.48
2208.08
2136.27
2094.13
820.87
1562.69
1704.57
1575.97
769.68
858.14
1052.15
2015.21
1238.50
1450.04
1941.90
908.09
1604.70
1703.69
1810.93
522.38
1041.68
2036.51
1665.00
924.04
1118.18
1953.94
1850.66
1752.21
1746.82
1364.53
443.70
1951.77
1572.25
1180.00
2106.87
1558.91
971.13
1252.70
1785.05
1788.35
1926.10
1776.61
896.32
1567.11
1250.43
1650.02
1984.92
1522.00
1820.66
1340.24
1708.57
865.43
869.15
1167.39
1487.10
1911.61
1074.66
2073.69
1237.89
1357.48
1483.54
1565.37
472.72
1201.86
1911.77
2068.50
1282.30
870.26
1137.74
1552.16
2125.66
924.90
1840.94
1377.86
2055.25
1357.55
1983.76
775.23
1513.35
1322.12
1180.03
1488.77
1102.30
1036.43
1233.14
1160.78
872.13
1679.79
1585.75
1869.66
1333.38
1154.22
1234.67
2172.94
1539.26
1577.07
1059.86
1098.04
2113.27
1343.22
1490.58
780.26
1471.48
2056.65
1620.97
1837.96
2084.22
877.03
1460.52
2048.48
1591.30
940.27
1983.14
749.23
1222.87
1895.92
1580.27
1189.76
843.73
1178.33
1962.17
1040.03
1232.58
727.31
1399.41
1682.89
1350.61
1134.79
1342.69
1608.11
1784.02
435.36
1191.76
1094.29
1690.14
1857.47
563.32
1169.07
1450.89
1578.06
1957.74
1302.90
1923.23
1943.14
1227.70
1233.66
1924.16
1533.93
1509.63
1433.29
844.35
2093.63
1411.27
1260.08
1457.81
1938.62
1527.24
614.06
1499.66
1959.33
721.11
1427.39
1976.43
1342.80
1469.78
905.23
817.01
2114.32
2154.76
1331.76
1353.48
2013.15
402.31
2233.22
695.69
1524.73
883.70
1325.16
1529.44
864.79
883.96
1496.67
710.51
2054.48
1298.14
1168.33
1920.64
1204.54
1622.33
1451.44
1249.15
1338.33
1334.75
1463.24
1611.63
950.77
776.95
915.14
585.81
2121.36
1818.77
1343.07
1318.26
482.95
1074.89
1285.79
1433.04
1221.38
2079.64
1300.92
1388.27
1489.92
1960.22
1704.36
1603.58
1883.83
1405.00
2086.43
1736.56
1399.72
2086.09
1731.80
819.95
1810.07
1246.41
1037.13
2032.75
1808.76
1885.32
1295.90
1625.38
912.50
897.06
2080.89
1326.21
1719.36
538.44
1414.56
1855.86
760.16
1253.90
1827.25
1903.25
328.43
1318.99
2126.08
1978.65
874.21
1452.73
2043.92
2087.71
2156.07
2008.43
1468.26
1659.75
751.76
1645.72
1208.06
831.57
1394.31
223.24
1775.49
762.30
867.57
1227.85
1190.48
1955.79
1292.43
1974.35
2131.20
929.43
1990.61
1551.38
1868.70
800.35
763.38
2072.50
1814.87
1264.98
682.11
2058.24
2055.44
1055.13
1172.64
784.98
1930.47
2112.03
1992.59
2065.94
2015.60
1503.05
648.22
1051.73
1677.78
2065.59
1776.92
1859.99
894.14
1936.79
1314.21
2074.85
1205.39
1333.74
1274.17
1218.59
789.80
1863.98
1281.89
1453.63
1820.37
1395.27
1288.88
1374.71
1985.50
874.87
925.75
1948.87
1688.01
686.97
1730.51
1643.58
1545.22
1846.82
2001.58
1481.99
931.68
1682.20
1148.13
484.04
927.36
1337.64
1086.52
1613.02
1286.29
1450.53
1998.98
1984.77
1043.30
1573.10
1529.23
1238.72
1291.87
2010.10
2056.11
1616.29
1647.67
1917.54
1959.48
1986.63
1959.83
2105.17
1128.53
1368.57
1882.97
1331.52
2069.65
2159.48
2144.83
1598.49
1646.49
1925.17
641.95
1428.24
730.15
1709.16
1591.35
1713.80
1316.27
783.32
1378.47
1370.92
1444.07
1337.67
1927.45
1969.05
1314.53
1895.78
793.63
1469.59
1046.25
1522.72
1143.79
1155.58
2147.05
1528.83
1289.16
682.82
1447.63
1419.01
1397.71
1806.32
1792.92
1507.37
1734.44
1906.35
1739.18
1432.52
1275.45
1228.27
1508.57
2024.62
983.40
1050.54
1741.65
660.60
2191.04
1487.17
1478.72
1432.30
1861.38
1450.46
1987.59
1925.32
1101.30
2136.05
1172.27
813.00
1347.70
891.24
1848.49
2161.02
1554.60
1350.00
1780.41
387.77
1797.87
1216.84
1195.19
2108.79
1108.39
863.55
1853.64
996.13
1292.11
1725.50
782.99
1556.42
694.37
780.76
1367.47
1626.18
1299.16
441.24
1681.50
852.77
1963.51
1821.33
1639.25
1742.92
1326.14
1537.17
838.73
1978.19
1950.03
828.86
743.25
973.20
2015.21
2052.73
1086.12
2022.95
1263.16
1179.34
2020.75
1325.60
1957.77
882.00
1342.45
1456.38
961.46
1912.04
1217.75
1199.48
1891.20
1265.95
956.89
1755.31
2045.96
1914.99
1534.46
1280.86
1159.24
1348.31
1511.03
1184.52
1974.81
1672.98
1416.74
1174.84
935.79
2055.33
1576.57
1352.61
1391.86
1979.54
2172.09
823.16
1742.11
1610.96
827.94
398.42
1559.13
1407.34
1268.32
1088.33
847.33
1766.31
2115.60
1389.50
2074.85
1697.76
1355.11
1076.41
1585.62
996.30
1137.24
1559.64
1131.84
1084.18
674.11
1101.50
2038.75
2070.63
1771.15
2039.45
1132.24
1701.52
1609.33
1250.62
1236.37
1921.34
1209.11
1790.17
1725.68
2035.62
1608.65
1301.55
1457.11
1938.45
965.60
903.06
1302.40
1501.96
1035.53
1175.87
1234.79
1142.58
1763.41
1343.42
1438.80
1928.77
1499.13
2141.09
355.82
402.56
1907.74
1779.98
1000.54
1941.90
995.00
1134.30
676.87
2079.74
1129.68
2066.83
813.18
1516.43
1340.86
609.84
2099.67
1070.90
694.75
1322.24
1675.23
1708.26
1170.89
1942.79
1486.32
636.20
1942.36
2073.61
1395.93
1916.22
1344.66
2133.29
1223.98
1886.48
938.57
1487.67
878.46
1149.67
1532.21
1664.93
1406.44
1466.30
710.08
864.62
1518.08
1366.87
1909.87
1924.16
1899.26
819.07
1447.43
1027.06
883.07
1603.23
973.12
1453.21
1346.66
1337.03
1419.31
1835.79
963.20
979.35
1901.00
1306.74
1800.87
1095.55
922.11
1986.55
1117.40
1281.92
1785.09
1578.62
1313.56
291.49
2002.43
1243.58
1773.86
1380.69
1799.15
1209.47
2007.23
1806.67
1344.52
1640.49
1830.64
740.47
2119.69
1606.14
1408.24
1834.97
1926.17
1663.23
1333.04
2041.74
2051.03
1172.05
1684.29
1330.95
954.07
937.32
1568.71
2002.08
1259.15
98.00
1638.05
703.60
1725.41
1248.29
1090.00
1473.73
1199.61
1592.46
1140.93
1844.38
1241.02
1099.41
1027.02
1604.29
1516.21
1479.50
324.86
1379.98
1035.98
1977.22
1290.93
1635.06
1261.67
2137.55
1846.48
1177.87
2090.73
1196.14
900.84
1208.47
1211.87
1459.82
1726.27
1380.95
773.93
1956.35
1418.39
986.01
2054.86
1356.88
2018.69
1136.47
1664.93
1130.30
2067.64
1477.92
2002.54
2003.21
1564.30
916.44
960.14
1547.85
726.85
1361.00
1071.29
1171.48
1095.06
1925.67
1840.94
1173.60
1154.36
955.14
1739.42
2101.37
1785.99
750.05
1251.71
1111.33
1575.42
1386.44
1536.89
1720.72
1483.84
294.77
1158.37
2035.70
1490.85
1613.34
984.43
1929.16
1806.74
1126.51
594.80
2149.51
1101.65
1805.15
1618.69
1394.66
1995.57
1375.25
1599.38
1987.02
503.21
1247.45
350.55
1674.33
878.39
976.88
2084.30
1853.18
864.37
1500.02
1884.60
2028.92
1914.67
335.60
1353.75
1071.68
2027.68
1248.18
1996.39
1738.68
2059.09
1138.69
1808.52
1197.42
1410.30
696.03
2016.02
1148.13
1080.10
1062.74
1803.26
1516.92
2124.55
376.69
1746.02
1621.67
1108.58
1117.43
728.09
1430.09
1264.38
1196.11
1196.96
1144.56
1753.37
1510.36
1008.59
1368.01
1506.77
1493.01
1468.62
1431.12
1772.66
1818.64
1101.96
1274.15
1026.17
1347.38
909.87
697.60
1226.86
884.78
1958.16
1471.26
1087.76
1717.66
1181.59
2040.34
1335.21
1100.87
1345.43
801.01
1254.20
1252.07
1469.86
1941.16
932.94
1235.64
1396.43
1814.37
693.10
1409.65
1504.56
995.26
2102.19
2063.81
1144.72
1319.94
405.10
1973.04
1999.84
1311.16
1177.59
750.98
1952.57
1335.46
1875.37
1236.04
878.50
2028.49
1494.27
1506.88
1194.80
1940.55
1526.05
1223.87
1153.85
1003.35
1328.15
1251.71
1244.31
1571.11
887.86
1330.76
1124.22
1261.32
1468.15
1817.70
2127.75
680.54
1257.56
1941.59
984.44
1633.79
1190.43
1807.63
1255.14
1209.35
1214.03
1609.39
1609.42
904.52
1231.16
1910.12
1868.16
1774.10
1339.51
1947.12
1918.64
1814.14
1236.74
1543.47
1470.86
1895.93
1647.04
1179.11
1343.73
1154.47
1419.95
784.63
1163.12
1907.28
1282.80
1584.70
1976.05
778.21
1820.03
892.93
1481.09
2056.61
421.61
1378.00
1351.51
1327.47
1544.44
1073.44
1458.20
820.49
695.06
1303.80
1826.80
1959.52
1869.58
2210.21
1444.32
1760.53
2101.12
1915.80
920.25
2019.93
660.20
908.21
934.94
1396.20
920.10
1249.22
1195.95
1503.24
1952.75
1820.02
1297.10
1386.82
2000.73
1335.48
1989.98
2121.36
1782.92
1009.03
1239.05
1665.97
1181.85
1465.02
878.38
901.50
1465.68
2129.33
988.40
867.66
1123.29
2054.83
1407.01
1299.00
1003.53
1896.74
1648.20
1924.01
1992.63
1470.48
1317.42
683.56
1392.02
890.82
874.95
1724.68
1090.56
1170.04
2037.05
927.07
1407.61
1172.40
1025.73
1194.10
1306.24
1459.67
1430.10
939.59
1438.61
2028.03
1538.51
1318.54
1795.48
1729.67
2057.38
1190.18
1100.38
1593.79
1615.95
1386.60
1300.25
1654.66
1067.91
530.90
2110.95
2092.80
847.99
1162.30
1201.53
1012.78
2013.83
684.45
1302.73
1320.39
1813.60
1597.89
1678.91
1841.79
1544.32
1401.12
1687.02
1914.60
2040.31
1788.53
1858.29
1892.49
1842.60
1157.03
1465.10
1249.15
1263.06
1857.47
1417.99
1225.66
1697.24
756.83
1792.80
1288.72
1159.04
1166.14
1956.50
1721.85
1427.77
1714.30
1286.64
1533.37
885.82
1291.64
1059.61
1387.49
1619.11
1061.33
1430.39
1348.29
1001.56
1202.10
903.96
1527.76
1880.44
805.28
1113.19
768.75
1583.50
704.47
1257.03
924.26
1365.45
1931.60
1909.02
1975.62
1241.60
1026.90
864.56
992.95
1972.26
1677.53
1475.17
1503.51
1562.26
1252.96
1981.17
1519.17
1057.52
1855.62
2138.44
1899.11
1587.24
1712.44
981.43
1724.07
1222.98
1503.48
1389.19
894.12
566.26
1974.43
1481.91
833.47
1461.49
2070.80
1234.97
2054.61
2120.51
953.10
893.87
1426.66
1728.90
800.74
677.52
644.05
1785.87
2008.39
1376.43
1926.14
1245.01
1983.99
1631.97
1419.23
1700.75
1970.59
1715.62
1228.80
1852.83
945.70
812.04
1594.21
1588.20
1556.09
1339.95
1023.64
1762.66
2077.44
1773.76
2053.55
1614.19
1638.28
1312.20
2135.42
1930.82
1208.65
888.84
774.84
1880.90
1000.65
1575.63
1306.87
1166.38
1060.83
1278.97
1388.19
1559.98
829.32
1251.17
1774.91
791.59
1801.67
1141.24
1740.64
1410.92
1228.34
919.40
1832.21
1488.79
1550.45
1182.16
1246.57
1657.75
1301.25
1493.30
1467.08
2041.31
1116.87
2039.61
1739.52
1747.99
610.09
657.44
2022.45
1013.08
849.77
2014.10
1031.46
1686.61
844.96
1527.92
1715.70
1760.10
1998.76
2021.56
1869.83
1230.12
1547.60
1398.37
1602.00
1177.16
1122.50
1510.29
1381.99
1292.30
1552.96
1750.86
1281.54
1548.93
1888.18
718.71
815.13
1817.51
1418.47
1417.08
1823.28
1600.13
1216.59
1012.85
1797.45
1356.32
969.01
1934.66
1454.44
1910.80
1643.16
1720.20
1055.22
1460.14
1728.36
1859.25
2030.08
1145.89
603.63
1200.59
1443.94
952.33
878.03
1878.81
1164.44
1987.83
1281.16
1650.21
2008.43
1807.45
917.27
1458.01
1777.85
1255.38
824.70
656.16
1219.57
1873.71
1643.97
853.37
1325.23
1498.44
1991.16
1469.04
2127.79
2079.61
1871.11
1443.95
2037.44
906.47
1152.91
549.27
1626.35
1406.66
1282.50
1522.22
1713.40
1983.57
1903.09
2045.07
1442.25
1429.16
1784.20
2002.23
1820.41
1979.93
1359.68
846.83
1782.15
1459.70
1107.23
1373.12
1472.19
1965.25
1131.99
1041.75
1392.01
443.45
1455.41
1201.85
1591.73
1451.58
1113.80
1111.44
1286.18
1218.35
690.37
1568.18
886.48
1262.79
979.70
1881.02
632.49
1754.49
1959.87
2111.81
1595.33
1916.80
1386.40
1811.97
583.73
1172.90
2119.65
959.29
1202.17
1423.03
1228.96
509.44
1137.58
1471.64
1316.51
2028.92
1989.26
454.76
1193.79
482.10
1678.22
1296.68
1301.55
1342.76
1882.68
2005.45
513.63
237.81
1334.59
1263.97
1217.21
1343.66
934.46
1671.39
835.62
1838.69
1477.49
851.55
729.84
1244.70
1940.68
1700.15
880.29
1634.52
1491.31
1229.72
655.24
812.73
1154.22
1233.60
1103.70
1561.54
912.86
1655.87
726.37
1204.32
1580.35
1961.07
1942.21
1778.70
1374.80
810.47
1844.38
719.15
1513.35
1082.91
1786.00
1183.67
1282.99
1470.63
1427.41
1501.84
1578.50
1924.58
1970.90
1980.76
890.63
1874.51
1217.63
1590.16
1938.60
1636.77
1615.70
544.22
1291.38
1438.95
1883.03
1538.19
1932.14
1856.66
876.46
1683.37
1956.42
2084.30
1058.92
1078.53
828.43
1459.67
2106.02
988.72
2177.41
1521.87
1125.73
754.35
1611.44
913.93
1163.61
668.50
1022.33
1083.72
1344.69
1818.18
1907.48
884.82
1642.85
836.18
752.99
1234.79
1251.04
820.93
1523.62
2159.09
1258.88
1576.87
1135.69
1311.67
1595.18
1402.82
1225.31
1298.65
1263.53
499.26
729.84
2051.63
1125.42
1063.23
1118.57
1320.14
1192.19
947.83
1862.29
885.83
1058.30
1403.75
2007.61
1506.77
1071.40
1569.46
1767.59
1796.56
1465.68
1942.05
1494.96
1615.04
2005.45
1051.23
1758.57
1660.94
1847.75
1372.08
1249.54
1686.15
1438.58
1883.19
1968.04
1974.70
1886.83
1754.81
757.49
1236.18
657.72
1455.23
1342.64
1041.09
1678.09
2150.36
1880.37
2009.71
1392.72
957.25
1454.72
1643.28
1675.70
2146.74
577.64
1523.79
637.45
1459.60
1856.46
1517.18
1222.34
965.79
906.93
1624.41
1279.71
1168.91
1387.49
1359.08
2037.86
1629.84
625.12
1170.15
1810.07
1255.97
1259.73
1594.21
1521.56
1126.01
695.41
328.95
2117.95
999.31
1664.27
1928.34
1340.18
1167.51
2024.93
889.93
1266.19
1471.05
1420.54
1254.08
765.94
1850.25
1984.50
1347.87
555.14
1115.09
1598.31
1809.80
1097.45
1934.19
906.73
756.09
1381.33
1144.48
1915.45
1480.28
1118.06
1990.15
1972.03
1902.44
1311.16
1125.75
633.53
1678.69
1387.20
1329.02
381.36
2045.07
1837.57
1830.29
1553.27
1825.18
1067.96
689.48
2063.77
1949.06
1646.88
1514.36
1106.56
1322.31
1246.58
854.95
2103.47
1196.55
1365.47
1355.04
1004.56
1054.60
1483.64
2112.45
1278.81
592.41
1574.28
1009.14
1866.58
1500.49
1242.58
1679.60
1649.11
1496.12
1942.48
1530.50
1002.89
1545.50
2109.00
1229.00
1836.64
1492.53
1204.66
215.03
1599.15
1083.62
1486.63
871.35
1481.76
1173.45
1316.66
1465.02
792.77
1491.76
2023.80
900.39
2033.60
1037.91
1323.38
927.42
1588.75
2038.21
1517.50
1422.61
1290.22
1138.77
794.36
1886.94
1144.64
2069.43
1739.91
2136.86
1113.14
1549.60
1431.82
1919.20
1207.86
1322.78
1782.41
853.15
1906.62
1833.58
2023.66
1785.99
1693.05
1125.86
1838.77
406.08
1289.51
1053.75
1293.69
813.10
2048.54
1440.11
1323.04
1020.24
1900.93
1006.37
258.69
967.26
1103.49
1912.15
2033.60
1924.86
1661.05
1932.06
1149.59
1687.94
1025.30
1347.76
1160.01
959.21
871.15
1656.48
1312.50
728.93
1311.66
2148.79
1383.78
1653.27
1863.13
1293.49
1999.52
2010.06
1399.41
2007.15
1428.74
1245.20
839.21
1116.21
565.40
1282.45
2117.23
1799.82
1463.01
1142.16
1266.19
1185.37
680.46
1796.92
1720.16
1697.31
1992.98
1753.51
1411.23
1961.38
912.14
1139.64
853.39
1809.80
1354.49
1173.37
1248.45
1830.60
1825.31
1522.29
1369.98
909.45
1854.85
898.02
1422.23
1635.00
1328.27
1644.22
1261.79
1507.85
1242.72
975.90
2054.90
1220.40
874.79
1880.90
1230.95
1740.67
717.25
1866.06
1388.76
563.66
1099.79
487.94
363.06
1332.84
1347.23
1292.49
2063.59
1361.93
1240.63
1926.98
2112.37
738.55
1226.77
830.22
1952.87
1446.77
1147.66
1078.56
1675.62
1764.57
1391.98
1523.73
1084.10
1291.46
2135.20
1505.74
1468.87
1196.14
1863.48
453.99
1010.57
981.13
1046.99
2194.45
742.39
1182.47
2024.12
1632.17
1166.83
439.31
1257.91
1166.95
645.31
1164.94
782.50
1586.81
1725.13
2094.06
1383.57
1830.75
949.42
1672.23
1883.57
1269.41
1684.19
2068.53
1253.22
535.34
1284.94
1338.85
2153.77
1794.08
1192.41
1124.92
1808.91
790.12
1460.14
915.80
1894.12
1463.81
1338.78
1592.84
1611.80
2081.70
1691.22
183.18
2015.80
2163.70
1020.40
1067.43
1485.96
1454.68
1514.79
888.71
2074.89
1598.55
1609.62
1915.72
1928.84
1667.31
1221.58
1515.90
1872.37
1407.51
470.81
1695.91
1781.30
1425.05
1360.82
1886.52
730.49
617.76
679.28
1890.43
1292.49
